/*
5 5
0 0 0 0 0
0 0 1 0 0
0 0 1 0 0
0 0 1 0 0
0 0 0 0 0
1 3
5 3

17 17
0 0 0 0 0 0 0 0 0 0 0 0 0 0 0 0 0
0 0 0 0 0 0 0 0 0 0 1 0 0 0 0 0 0
0 0 0 0 0 0 0 0 0 0 1 0 0 0 0 0 0
0 0 0 0 1 0 0 0 0 0 1 0 0 0 0 0 0
0 0 0 0 1 0 0 0 0 0 1 0 0 0 0 0 0
0 0 0 0 1 0 0 0 0 0 1 0 0 0 0 0 0
0 0 0 0 1 0 0 0 0 0 1 0 0 0 0 0 0
0 0 0 0 1 0 0 1 0 0 1 0 0 0 0 0 0
0 0 0 0 1 0 0 1 0 0 1 0 0 0 0 0 0
0 0 0 0 1 0 0 1 0 0 1 0 0 0 0 0 0
0 0 0 0 1 0 0 1 0 0 1 0 0 0 0 0 0
0 0 0 0 1 0 0 1 0 0 1 0 0 0 0 0 0
0 0 0 0 1 0 0 1 0 0 0 0 0 0 0 0 0
0 0 0 0 0 0 0 1 0 0 0 0 0 0 0 0 0
0 0 0 0 0 0 0 1 0 0 0 0 0 0 0 0 0
0 0 0 0 0 0 0 1 0 0 0 0 0 0 0 0 0
0 0 0 0 0 0 0 0 0 0 0 0 0 0 0 0 0
1 7
17 7

7 7
0 0 0 0 0 0 0
0 0 1 1 1 1 0
0 0 1 0 0 1 0
0 0 1 0 0 1 0
0 0 1 0 0 1 0
0 0 1 1 1 1 0
0 0 0 0 0 0 0
1 4
5 4

5 7
0 0 0 0 0 0 0
0 0 1 1 1 1 0
0 0 0 0 0 1 0
0 0 1 1 1 1 0
0 0 0 0 0 0 0
1 3
7 3

7 5
0 0 0 0 0
0 1 1 1 0
0 1 0 1 0
0 1 0 1 0
0 1 0 1 0
0 0 0 0 0
0 0 0 0 0
3 7
3 1

6 7
0 0 0 0 0 0 0
0 0 1 1 1 1 0
0 0 0 0 0 1 0
0 0 0 0 0 1 0
0 0 1 1 1 1 0
0 0 0 0 0 0 0
1 3
7 3

6 7
0 0 0 0 0 0 0
0 0 1 1 0 1 1
0 0 1 0 0 0 0
0 0 1 0 0 0 0
0 0 1 1 1 1 1
0 0 0 0 0 0 0
1 3
7 3
*/